0671234567 40000
0682345678 40000
0963456789 40000
0974567890 40000
0985678901 40000
0506789012 40000
0667890123 40000
0958901234 40000
0999012345 40000
0630123456 40000
0672345678 40100
0683456789 40100
0964567890 40100
0975678901 40100
0986789012 40100
0507890123 40100
0668901234 40100
0959012345 40100
0990123456 40100
0631234567 40200
0673456789 40200
0684567890 40200
0965678901 40200
0976789012 40200
0509012345 40200
0660123456 40300
0951234567 40300
0992345678 40300
0633456789 40300
0675678901 40300
0686789012 40300
0967890123 40400
0978901234 40400
0989012345 40400
0500123456 40400
0661234567 40400
0952345678 40500
0993456789 40500
0634567890 40500
0676789012 40500
0687890123 40500
0968901234 40600
0979012345 40600
0980123456 40600
0501234567 40600
0662345678 40600
0953456789 40600
0994567890 40600
0635678901 40600
0677890123 40600
0688901234 40600
0969012345 40600
0970123456 40600
0981234567 40600
0502345678 40600
0663456789 40600
0954567890 40600
0995678901 40600
0636789012 40600
0678901234 40600
0680123456 40600
0961234567 40600
0972345678 40600
0983456789 40600
0503456789 40600
0664567890 40600
0955678901 40600
0996789012 40600
0637890123 40600
0679012345 40600
0681234567 40600
0962345678 40600
0973456789 40600
0984567890 40600
0504567890 40600
0665678901 40600
0956789012 40600
0997890123 40600
0638901234 40600
0670123456 40600
0682345678 40600
0963456789 40600
0974567890 40600
0985678901 40600
0506789012 40600
0667890123 40600
0958901234 40600
0999012345 40600
0630123456 40600
0672345678 40600
0683456789 40600
0964567890 40600
0975678901 40600
0986789012 40600
0507890123 40600
0668901234 40600
0959012345 40600
0990123456 40600
0631234567 40600
0673456789 40600
0684567890 40600
0965678901 40600
0976789012 40600
0509012345 40600
0660123456 40600
0951234567 40600
0992345678 40600
0633456789 40600
0675678901 40600
0686789012 40600
0967890123 40600
0978901234 40600
0989012345 40600
0500123456 40600
0661234567 40600
0952345678 40600
0993456789 40600
0634567890 40600
0676789012 40600
0687890123 40600
0968901234 40600
0979012345 40600
0980123456 40600
0501234567 40600
0662345678 40600
0953456789 40600
0994567890 40600
0635678901 40600
0677890123 40600
0688901234 40600
0969012345 40600
0970123456 40600
0981234567 40600
0502345678 40600
0663456789 40600
0954567890 40600
0995678901 40600
0636789012 40600
0678901234 40600
0680123456 40600
0961234567 40600
0972345678 40600
0983456789 40600
0503456789 40600
0664567890 40600
0955678901 40600
0996789012 40600
0637890123 40600
0679012345 40600
0681234567 40600
0962345678 40600
0973456789 40600
0984567890 40600
0504567890 40600
0665678901 40600
0956789012 40600
0997890123 40600
0638901234 40600
0670123456 40600
0682345678 40600
0963456789 40600
0974567890 40600
0985678901 40600
0506789012 40600
0667890123 40600
0958901234 40600
0999012345 40600
0630123456 40600
0672345678 40600
0683456789 40600
0964567890 40600
0975678901 40600
0986789012 40600
0507890123 40600
0668901234 40600
0959012345 40600
0990123456 40600
0631234567 40600
0673456789 40600
0684567890 40600
0965678901 40600
0976789012 40600
0509012345 40600
0660123456 40600
0951234567 40600
0992345678 40600
0633456789 40600
0675678901 40600
0686789012 40600
0967890123 40600
0978901234 40600
0989012345 40600
0500123456 40600
0661234567 40600
0952345678 40600
0993456789 40600
0634567890 40600
0676789012 40600
0687890123 40600
0968901234 40600
0979012345 40600
0980123456 40600
0501234567 40600
0662345678 40600
0953456789 40600
0994567890 40600
0635678901 40600
0677890123 40600
0688901234 40600
0969012345 40600
0970123456 40600
0981234567 40600
0502345678 40600
0663456789 40600
0954567890 40600
0995678901 40600
0636789012 40600
0678901234 40600
0680123456 40600
0961234567 40600
0972345678 40600
0983456789 40600
0503456789 40600
0664567890 40600
0955678901 40600
0996789012 40600
0637890123 40600
0679012345 40600
0681234567 40600
0962345678 40600
0973456789 40600
0984567890 40600
0504567890 40600
0665678901 40600
0956789012 40600
0997890123 40600
0638901234 40600
0670123456 40600
0682345678 40600
0963456789 40600
0974567890 40600
0985678901 40600
0506789012 40600
0667890123 40600
0958901234 40600
0999012345 40600
0630123456 40600
0672345678 40600
0683456789 40600