Postal Code: 40000
Kyivstar (5 numbers)
0974567890
0671234567
0682345678
0963456789
0985678901
Vodafone (4 numbers)
0958901234
0999012345
0667890123
0506789012
Lifecell (1 numbers)
0630123456
Postal Code: 40100
Kyivstar (5 numbers)
0964567890
0672345678
0683456789
0986789012
0975678901
Vodafone (4 numbers)
0507890123
0668901234
0959012345
0990123456
Postal Code: 40200
Kyivstar (4 numbers)
0684567890
0965678901
0673456789
0976789012
Vodafone (1 numbers)
0509012345
Lifecell (1 numbers)
0631234567
Postal Code: 40300
Kyivstar (2 numbers)
0686789012
0675678901
Vodafone (3 numbers)
0660123456
0992345678
0951234567
Lifecell (1 numbers)
0633456789
Postal Code: 40400
Kyivstar (3 numbers)
0989012345
0978901234
0967890123
Vodafone (2 numbers)
0661234567
0500123456
Postal Code: 40500
Kyivstar (2 numbers)
0687890123
0676789012
Vodafone (2 numbers)
0952345678
0993456789
Lifecell (1 numbers)
0634567890
Postal Code: 40600
Kyivstar (103 numbers)
0682345678
0673456789
0679012345
0985678901
0974567890
0688901234
0973456789
0981234567
0983456789
0980123456
0969012345
0984567890
0680123456
0972345678
0963456789
0961234567
0965678901
0973456789
0974567890
0970123456
0989012345
0972345678
0678901234
0961234567
0686789012
0981234567
0983456789
0983456789
0968901234
0964567890
0684567890
0673456789
0973456789
0963456789
0677890123
0967890123
0968901234
0980123456
0678901234
0979012345
0670123456
0684567890
0979012345
0675678901
0682345678
0672345678
0670123456
0968901234
0683456789
0678901234
0679012345
0680123456
0672345678
0984567890
0980123456
0961234567
0672345678
0978901234
0686789012
0681234567
0969012345
0972345678
0679012345
0984567890
0683456789
0986789012
0976789012
0970123456
0981234567
0680123456
0670123456
0974567890
0681234567
0964567890
0976789012
0676789012
0975678901
0962345678
0965678901
0687890123
0676789012
0989012345
0683456789
0962345678
0979012345
0682345678
0677890123
0967890123
0985678901
0688901234
0677890123
0681234567
0985678901
0687890123
0978901234
0963456789
0969012345
0970123456
0675678901
0962345678
0688901234
0975678901
0986789012
Vodafone (84 numbers)
0994567890
0664567890
0995678901
0504567890
0996789012
0956789012
0506789012
0993456789
0667890123
0507890123
0997890123
0663456789
0956789012
0503456789
0664567890
0668901234
0958901234
0954567890
0997890123
0999012345
0959012345
0509012345
0999012345
0993456789
0504567890
0955678901
0956789012
0953456789
0665678901
0959012345
0994567890
0990123456
0660123456
0994567890
0955678901
0954567890
0660123456
0951234567
0661234567
0661234567
0501234567
0501234567
0951234567
0664567890
0506789012
0997890123
0958901234
0509012345
0667890123
0500123456
0992345678
0952345678
0992345678
0502345678
0952345678
0662345678
0502345678
0662345678
0502345678
0995678901
0995678901
0996789012
0663456789
0504567890
0506789012
0999012345
0954567890
0500123456
0665678901
0501234567
0662345678
0953456789
0663456789
0953456789
0996789012
0665678901
0958901234
0990123456
0667890123
0503456789
0503456789
0955678901
0507890123
0668901234
Lifecell (21 numbers)
0635678901
0631234567
0634567890
0638901234
0635678901
0638901234
0633456789
0634567890
0638901234
0637890123
0631234567
0633456789
0636789012
0637890123
0630123456
0636789012
0637890123
0635678901
0636789012
0630123456
0630123456
